0.000000 0.000000 0.000000
-0.004705 0.012617 0.000000
-0.017623 0.033726 0.000000
-0.026882 0.032342 0.000000
-0.022915 0.036419 0.000000
-0.026671 0.014847 0.000000
-0.022744 0.022193 0.000000
-0.023301 0.010166 0.000000
-0.004786 -0.000874 0.000000
-0.029328 -0.012857 0.000000
-0.019551 -0.039885 0.000000
-0.030084 -0.038910 0.000000
-0.004700 -0.032407 0.000000
0.035105 -0.059633 0.000000
0.018705 -0.055389 0.000000
0.017996 -0.052992 0.000000
-0.016518 -0.045231 0.000000
-0.046758 -0.025061 0.000000
-0.068495 -0.019869 0.000000
-0.061126 0.004688 0.000000
-0.078433 0.002358 0.000000
-0.059676 -0.000551 0.000000
-0.130473 0.029670 0.000000
-0.128026 0.031835 0.000000
-0.182006 0.028625 0.000000
-0.188983 0.004499 0.000000
-0.195725 0.004905 0.000000
-0.235432 -0.004389 0.000000
-0.237307 -0.008170 0.000000
-0.250390 0.003450 0.000000
-0.238826 -0.037883 0.000000
-0.241265 -0.023732 0.000000
-0.229191 -0.019655 0.000000
-0.235204 -0.035428 0.000000
-0.222719 -0.048411 0.000000
-0.223775 -0.106761 0.000000
-0.221465 -0.106675 0.000000
-0.252710 -0.120448 0.000000
-0.203539 -0.147926 0.000000
-0.163888 -0.151334 0.000000
-0.198255 -0.147528 0.000000
-0.208491 -0.133237 0.000000
-0.261863 -0.139334 0.000000
-0.309909 -0.121029 0.000000
-0.355161 -0.089016 0.000000
-0.325562 -0.088127 0.000000
-0.327676 -0.084995 0.000000
-0.328280 -0.088084 0.000000
-0.350278 -0.085172 0.000000
-0.353837 -0.051415 0.000000
-0.353452 -0.068055 0.000000
-0.413825 -0.042196 0.000000
-0.430560 0.036011 0.000000
-0.491649 0.058562 0.000000
-0.473649 0.053873 0.000000
-0.487659 0.038847 0.000000
-0.474506 -0.016602 0.000000
-0.477827 -0.039862 0.000000
-0.482494 -0.050960 0.000000
-0.516838 -0.101754 0.000000
-0.535814 -0.110624 0.000000
-0.541988 -0.100402 0.000000
-0.540433 -0.104737 0.000000
-0.576930 -0.082409 0.000000
-0.598399 -0.071399 0.000000
-0.659239 -0.082557 0.000000
-0.689783 -0.110657 0.000000
-0.677105 -0.059156 0.000000
-0.687063 -0.072092 0.000000
-0.744646 -0.061884 0.000000
-0.788313 -0.077540 0.000000
-0.794197 -0.030473 0.000000
-0.776447 -0.031092 0.000000
-0.767390 -0.040139 0.000000
-0.740706 -0.029054 0.000000
-0.760444 -0.072025 0.000000
-0.794830 -0.003430 0.000000
-0.841227 -0.042182 0.000000
-0.885395 -0.046637 0.000000
-0.958159 -0.057294 0.000000
-1.003943 -0.026839 0.000000
-1.015835 -0.126278 0.000000
-1.043222 -0.118196 0.000000
-1.037580 -0.191979 0.000000
-1.055944 -0.194634 0.000000
-1.069795 -0.202699 0.000000
-1.093491 -0.230397 0.000000
-1.124706 -0.255851 0.000000
-1.141735 -0.273197 0.000000
-1.141322 -0.269329 0.000000
-1.189539 -0.257675 0.000000
-1.203077 -0.303510 0.000000
-1.203431 -0.301639 0.000000
-1.178229 -0.298905 0.000000
-1.181447 -0.301728 0.000000
-1.201914 -0.311397 0.000000
-1.207463 -0.389112 0.000000
-1.211286 -0.407822 0.000000
-1.222349 -0.394905 0.000000
-1.247442 -0.405952 0.000000
-1.263954 -0.393560 0.000000
-1.273882 -0.424479 0.000000
-1.320287 -0.413873 0.000000
-1.332602 -0.437221 0.000000
-1.371751 -0.474374 0.000000
-1.361510 -0.468736 0.000000
-1.357340 -0.465893 0.000000
-1.353717 -0.510385 0.000000
-1.357969 -0.514160 0.000000
-1.356599 -0.511747 0.000000
-1.403475 -0.506068 0.000000
-1.389564 -0.536120 0.000000
-1.415299 -0.510553 0.000000
-1.439739 -0.546238 0.000000
-1.420614 -0.530099 0.000000
-1.433181 -0.554520 0.000000
-1.431957 -0.598785 0.000000
-1.421361 -0.597875 0.000000
-1.425805 -0.627072 0.000000
-1.418099 -0.624285 0.000000
-1.493969 -0.591650 0.000000
-1.508279 -0.546569 0.000000
-1.569816 -0.504468 0.000000
-1.624576 -0.482539 0.000000
-1.688769 -0.459132 0.000000
-1.735370 -0.489497 0.000000
-1.857161 -0.457827 0.000000
-1.897005 -0.409061 0.000000
-2.003949 -0.421994 0.000000
-2.160583 -0.354449 0.000000
-2.247036 -0.242147 0.000000
-2.407554 -0.120055 0.000000
-2.598393 -0.045373 0.000000
-2.755704 0.068434 0.000000
-2.880526 0.175289 0.000000
-3.101312 0.266506 0.000000
-3.323949 0.372009 0.000000
-3.403040 0.508867 0.000000
-3.550618 0.691842 0.000000
-3.698735 0.807981 0.000000
-3.688360 0.921778 0.000000
-3.773851 1.004400 0.000000
-3.832116 1.102779 0.000000
-3.906143 1.200686 0.000000
-3.966917 1.307768 0.000000
-4.006506 1.405773 0.000000
-4.090976 1.529123 0.000000
-4.239617 1.660284 0.000000
-4.332751 1.742141 0.000000
-4.446499 1.827608 0.000000
-4.490146 1.931258 0.000000
-4.569463 1.963171 0.000000
-4.578856 2.011170 0.000000
-4.645054 2.073214 0.000000
-4.687483 2.049554 0.000000
-4.731149 2.081897 0.000000
-4.813299 2.147238 0.000000
-4.863766 2.144176 0.000000
-4.917301 2.153838 0.000000
-4.937614 2.166061 0.000000
-4.966372 2.202206 0.000000
-5.027270 2.202973 0.000000
-5.138648 2.201085 0.000000
-5.065404 2.293690 0.000000
-5.138830 2.337822 0.000000
-5.179865 2.429429 0.000000
-5.269503 2.491980 0.000000
-5.343595 2.571800 0.000000
-5.417927 2.554724 0.000000
-5.567397 2.470792 0.000000
-5.553094 2.470194 0.000000
-5.617161 2.439948 0.000000
-5.625437 2.369788 0.000000
-5.677827 2.340286 0.000000
-5.755255 2.265413 0.000000
-5.915306 2.131258 0.000000
-5.939346 2.120178 0.000000
-6.041833 2.020898 0.000000
-6.258020 1.873318 0.000000
-6.478037 1.683747 0.000000
-6.709718 1.486883 0.000000
-6.893791 1.347783 0.000000
-7.020544 1.318452 0.000000
-7.150050 1.262065 0.000000
-7.239499 1.205782 0.000000
-7.262040 1.200289 0.000000
-7.264156 1.200868 0.000000
-7.279377 1.157096 0.000000
-7.431499 1.130482 0.000000
-7.467236 1.101098 0.000000
-7.563252 1.003430 0.000000
-7.667738 0.953011 0.000000
-7.793719 0.737989 0.000000
-7.896521 0.529436 0.000000
-8.111748 0.504500 0.000000
-8.141482 0.281391 0.000000
-8.325725 0.111804 0.000000
-8.503027 -0.010571 0.000000
-8.503027 -0.010571 0.000000
-8.503027 -0.010571 0.000000
-8.503027 -0.010571 0.000000
-8.503027 -0.010571 0.000000
-8.503027 -0.010571 0.000000
-8.503027 -0.010571 0.000000
-8.503027 -0.010571 0.000000
-9.459588 -0.599340 0.000000
-9.449106 -0.588287 0.000000
-9.528042 -0.516444 0.000000
-9.528042 -0.516444 0.000000
-9.860513 -0.490590 0.000000
-9.995172 -0.527942 0.000000
-10.185832 -0.571037 0.000000
-10.345311 -0.493794 0.000000
-10.488682 -0.436016 0.000000
-10.691963 -0.353951 0.000000
-10.804894 -0.287543 0.000000
-10.967424 -0.158104 0.000000
-11.100494 -0.127934 0.000000
-11.210804 -0.054296 0.000000
-11.372110 -0.021678 0.000000
-11.570442 -0.145795 0.000000
-11.726848 -0.142428 0.000000
-11.840982 -0.137379 0.000000
-11.942898 -0.051703 0.000000
-12.013396 -0.056168 0.000000
-12.121981 -0.030118 0.000000
-12.237209 -0.134560 0.000000
-12.283036 0.018483 0.000000
-12.259175 0.202026 0.000000
-12.345386 0.227244 0.000000
-12.440731 0.207613 0.000000
-12.522772 0.110848 0.000000
-12.604733 0.226749 0.000000
-12.689561 0.310008 0.000000
-12.743211 0.152380 0.000000
-12.800654 0.148735 0.000000
-12.867527 0.088961 0.000000
-13.001806 0.056615 0.000000
-13.067527 0.105122 0.000000
-13.157963 -0.021813 0.000000
-13.180876 0.159078 0.000000
-13.281296 0.113366 0.000000
-13.441624 0.011133 0.000000
-13.471451 0.105562 0.000000
-13.505760 0.114094 0.000000
-13.579287 0.186033 0.000000
-13.646615 0.172092 0.000000
-13.754571 0.132518 0.000000
-13.762269 0.265531 0.000000
-13.891524 0.233019 0.000000
-14.014909 0.126595 0.000000
-14.088153 0.186611 0.000000
-14.249196 0.066492 0.000000
-14.304532 0.192791 0.000000
-14.373189 0.256670 0.000000
-14.466949 0.312484 0.000000
-14.566468 0.323746 0.000000
-14.598198 0.271200 0.000000
-14.719513 0.301096 0.000000
-14.828635 0.318240 0.000000
-14.827369 0.546173 0.000000
-14.954347 0.474973 0.000000
-15.022536 0.729757 0.000000
-15.124770 0.744351 0.000000
-15.264789 0.655959 0.000000
-15.406152 0.643092 0.000000
-15.545433 0.596478 0.000000
-15.588851 0.741006 0.000000
-15.571895 0.749571 0.000000
-15.663746 0.774736 0.000000
-15.838391 0.703190 0.000000
-15.890660 0.681545 0.000000
-15.977942 0.647794 0.000000
-16.006724 0.690981 0.000000
-16.229737 0.706596 0.000000
-16.284519 0.608022 0.000000
-16.434419 0.501656 0.000000
-16.479103 0.481243 0.000000
-16.509309 0.544125 0.000000
-16.497763 0.777936 0.000000
-16.574855 0.713896 0.000000
-16.795239 0.889401 0.000000
-16.870091 0.829312 0.000000
-16.991634 0.835852 0.000000
-17.038041 0.891839 0.000000
-17.112469 1.056968 0.000000
-17.304023 0.796621 0.000000
-17.324095 0.990198 0.000000
-17.437105 0.982428 0.000000
-17.529574 0.948743 0.000000
-17.644724 0.895797 0.000000
-17.727104 0.898621 0.000000
-17.790524 0.998239 0.000000
-17.886456 0.923887 0.000000
-17.961291 0.950858 0.000000
-18.132844 0.831240 0.000000
-18.240493 0.789986 0.000000
-18.399999 0.644772 0.000000
-18.446802 0.766498 0.000000
-18.561302 0.802403 0.000000
-18.629092 0.938595 0.000000
-18.702767 1.030701 0.000000
-18.682188 1.288168 0.000000
-18.790683 1.147467 0.000000
-18.870857 1.145956 0.000000
-18.945558 1.171984 0.000000
-19.042440 1.073238 0.000000
-19.099288 1.155715 0.000000
-19.165460 1.212851 0.000000
-19.274413 1.293857 0.000000
-19.333858 1.278267 0.000000
-19.380275 1.364302 0.000000
-19.512150 1.363336 0.000000
-19.583925 1.227489 0.000000
-19.662223 1.264133 0.000000
-19.772381 1.175840 0.000000
-19.836248 1.228978 0.000000
-19.919447 1.206448 0.000000
-20.002680 1.174579 0.000000
-19.975687 1.593999 0.000000
-20.049552 1.672009 0.000000
-20.107850 1.745189 0.000000
-20.171489 1.703154 0.000000
-20.227018 1.780936 0.000000
-20.223734 1.909928 0.000000
-20.272926 1.942349 0.000000
-20.313464 1.879937 0.000000
-20.271206 2.084489 0.000000
-20.370820 1.862074 0.000000
-20.362068 1.966677 0.000000
-20.366724 1.946647 0.000000
-20.360725 2.105137 0.000000
-20.373222 2.028969 0.000000
-20.384366 2.001433 0.000000
-20.337958 2.046154 0.000000
-20.362314 1.967357 0.000000
-20.375377 1.890561 0.000000
-20.381690 1.885646 0.000000
-20.397046 1.896049 0.000000
-20.444170 1.829254 0.000000
-20.495772 1.749917 0.000000
-20.498895 1.766008 0.000000
-20.579641 1.676832 0.000000
-20.653389 1.655509 0.000000
-20.675032 1.788995 0.000000
-20.764942 1.695421 0.000000
-20.858293 1.521517 0.000000
-20.956228 1.669890 0.000000
-21.038096 1.697784 0.000000
-21.148495 1.646759 0.000000
-21.168228 1.877443 0.000000
-21.260744 1.887079 0.000000
-21.323538 2.005432 0.000000
-21.411237 2.032062 0.000000
-21.550143 1.891330 0.000000
-21.609263 2.005436 0.000000
-21.796032 1.656739 0.000000
-21.868847 1.751559 0.000000
-21.935827 1.875063 0.000000
-22.113417 1.638673 0.000000
-22.258892 1.536796 0.000000
-22.307647 1.707580 0.000000
-22.400595 1.463460 0.000000
-22.491981 1.459556 0.000000
-22.569700 1.492984 0.000000
-22.593804 1.712505 0.000000
-22.630860 1.792999 0.000000
-22.675530 1.865555 0.000000
-22.611076 2.337761 0.000000
-22.668095 2.430154 0.000000
-22.790867 2.265830 0.000000
-22.864326 2.287447 0.000000
-22.859047 2.706376 0.000000
-22.918289 2.832720 0.000000
-22.999112 2.979868 0.000000
-23.149885 2.850744 0.000000
-23.235940 2.983258 0.000000
-23.454015 2.526829 0.000000
-23.546128 2.709353 0.000000
-23.684968 2.622099 0.000000
-23.784220 2.694752 0.000000
-23.916106 2.649504 0.000000
-23.973040 3.005507 0.000000
-24.141777 2.892625 0.000000
-24.228952 2.972513 0.000000
-24.391142 2.904471 0.000000
-24.510960 2.739571 0.000000
-24.612201 2.859058 0.000000
-24.653646 3.091762 0.000000
-24.778279 3.077134 0.000000
-24.866542 3.073540 0.000000
-24.959462 2.930601 0.000000
-25.064712 2.818187 0.000000
-25.145798 2.683918 0.000000
-25.309067 2.233117 0.000000
-25.358212 2.177825 0.000000
-25.380648 2.196653 0.000000
-25.435907 2.109977 0.000000
-25.501385 2.047323 0.000000
-25.559661 2.018205 0.000000
-25.604744 2.017627 0.000000
-25.701171 1.898119 0.000000
-25.758380 1.843902 0.000000
-25.848326 1.773899 0.000000
-25.960414 1.677599 0.000000
-26.065909 1.640382 0.000000
-26.181044 1.580001 0.000000
-26.244897 1.854398 0.000000
-26.327772 1.931455 0.000000
-26.430712 2.032858 0.000000
-26.523557 2.032845 0.000000
-26.621843 2.084746 0.000000
-26.771507 2.043608 0.000000
-26.894986 1.850075 0.000000
-26.986883 1.852328 0.000000
-27.104386 1.671352 0.000000
-27.207136 1.578567 0.000000
-27.293753 1.597154 0.000000
-27.415863 1.373307 0.000000
-27.500032 1.164920 0.000000
-27.547940 1.283369 0.000000
-27.634076 1.361888 0.000000
-27.724124 1.169939 0.000000
-27.835086 0.989842 0.000000
-27.916064 1.305270 0.000000
-28.069216 0.939513 0.000000
-28.237560 0.469532 0.000000
-28.362839 0.237216 0.000000
-28.486363 0.012253 0.000000
-28.496050 -0.159787 0.000000
-28.604894 -0.433653 0.000000
-28.675325 -0.583879 0.000000
-28.760909 -0.748560 0.000000
-28.788982 -0.663183 0.000000
-28.970241 -1.207151 0.000000
-29.006721 -1.014903 0.000000
-29.015996 -0.946535 0.000000
-29.098693 -1.087999 0.000000
-29.185704 -1.007997 0.000000
-29.282855 -0.986189 0.000000
-29.383655 -1.025807 0.000000
-29.484112 -1.122780 0.000000
-29.583265 -0.807057 0.000000
-29.666785 -0.946318 0.000000
-29.741045 -0.943611 0.000000
-29.830719 -1.234134 0.000000
-29.936066 -1.312769 0.000000
-30.047512 -1.270168 0.000000
-30.129823 -1.318372 0.000000
-30.206055 -1.556841 0.000000
-30.288268 -1.652983 0.000000
-30.400511 -1.781384 0.000000
-30.441162 -1.954121 0.000000
-30.555080 -2.144250 0.000000
-30.591426 -2.276821 0.000000
-30.676443 -2.396186 0.000000
-30.748543 -2.421384 0.000000
-30.839671 -2.411146 0.000000
-30.896345 -2.717874 0.000000
-30.997662 -2.818620 0.000000
-31.087884 -2.919978 0.000000
-31.133727 -3.333872 0.000000
-31.243568 -3.115894 0.000000
-31.323358 -2.931919 0.000000
-31.406883 -2.724757 0.000000
-31.487893 -2.546096 0.000000
-31.537364 -2.559991 0.000000
-31.574854 -2.538403 0.000000
-31.602099 -2.465925 0.000000
-31.608262 -2.429037 0.000000
-31.608496 -2.417726 0.000000
-31.619396 -2.329301 0.000000
-31.580136 -2.341809 0.000000
-31.638051 -2.281353 0.000000
-31.679930 -2.153070 0.000000
-31.724802 -2.059618 0.000000
-31.780828 -1.909480 0.000000
-31.853541 -1.676125 0.000000
-31.936765 -1.498712 0.000000
-31.999757 -1.182098 0.000000
-32.049743 -1.059222 0.000000
-32.094210 -1.152082 0.000000
-32.116395 -1.037770 0.000000
-32.128109 -1.163287 0.000000
